%YAML:1.0
K: !!opencv-matrix
   rows: 3
   cols: 3
   dt: d
   data: [ 4.7549604313284993e+02, 0., 3.4395456555719483e+02, 0.,
       4.7503463452424830e+02, 2.1491116306367107e+02, 0., 0., 1. ]
D: !!opencv-matrix
   rows: 1
   cols: 5
   dt: d
   data: [ -4.2728941460227432e-01, 2.5206081690390708e-01,
       6.5180394804917406e-04, 3.8431567126491695e-04,
       -1.0217564835890397e-01 ]
board_width: 9
board_height: 6
square_size: 6.2500000000000000e-02
