%YAML:1.0
K: !!opencv-matrix
   rows: 3
   cols: 3
   dt: d
   data: [ 4.7494881917618653e+02, 0., 3.0504289104614804e+02, 0.,
       4.7439166210110358e+02, 2.4022465885718350e+02, 0., 0., 1. ]
D: !!opencv-matrix
   rows: 1
   cols: 5
   dt: d
   data: [ -4.0375332860112439e-01, 1.6108624068301122e-01,
       5.7735196879058555e-04, -4.4853618280839101e-04,
       2.9331862971082250e-02 ]
board_width: 9
board_height: 6
square_size: 6.2500000000000000e-02
