%YAML:1.0
K1: !!opencv-matrix
   rows: 3
   cols: 3
   dt: d
   data: [ 4.7494881917618653e+02, 0., 3.0504289104614804e+02, 0.,
       4.7439166210110358e+02, 2.4022465885718350e+02, 0., 0., 1. ]
K2: !!opencv-matrix
   rows: 3
   cols: 3
   dt: d
   data: [ 4.7549604313284993e+02, 0., 3.4395456555719483e+02, 0.,
       4.7503463452424830e+02, 2.1491116306367107e+02, 0., 0., 1. ]
D1: !!opencv-matrix
   rows: 1
   cols: 5
   dt: d
   data: [ -4.0375332860112439e-01, 1.6108624068301122e-01,
       5.7735196879058555e-04, -4.4853618280839101e-04,
       2.9331862971082250e-02 ]
D2: !!opencv-matrix
   rows: 1
   cols: 5
   dt: d
   data: [ -4.2728941460227432e-01, 2.5206081690390708e-01,
       6.5180394804917406e-04, 3.8431567126491695e-04,
       -1.0217564835890397e-01 ]
R: !!opencv-matrix
   rows: 3
   cols: 3
   dt: d
   data: [ 9.9877815219112887e-01, -1.3450691194135042e-03,
       -4.9400339014405832e-02, 7.7305642755762273e-03,
       9.9157560585261539e-01, 1.2929832270373809e-01,
       4.8810255906473303e-02, -1.2952223232743793e-01,
       9.9037444951455700e-01 ]
T: [ 2.1419115480481793e-01, -1.3749034861212792e-01,
    7.7355231546199527e-02 ]
E: !!opencv-matrix
   rows: 3
   cols: 3
   dt: d
   data: [ -7.3089386899481672e-03, -5.8895503710571680e-02,
       -1.4616883001158362e-01, 6.6805990147103880e-02,
       2.7638468381933977e-02, -2.1595082169362895e-01,
       1.3897817482041380e-01, 2.1220179007172310e-01,
       2.0902487221591708e-02 ]
F: !!opencv-matrix
   rows: 3
   cols: 3
   dt: d
   data: [ -1.1399037521220140e-06, -9.1961441405446316e-06,
       -8.2703221284499574e-03, 1.0429197738370941e-05,
       4.3197561743701951e-06, -2.0230754456394977e-02,
       8.4571331415356429e-03, 1.7989734464620138e-02, 1. ]
R1: !!opencv-matrix
   rows: 3
   cols: 3
   dt: d
   data: [ 8.1439132766188760e-01, -5.5123979718958427e-01,
       1.8138757240641956e-01, 5.3995562026068056e-01,
       8.3431428420784570e-01, 1.1120972671333149e-01,
       -2.1263746983542664e-01, 7.3730021793016604e-03,
       9.7710334420717859e-01 ]
R2: !!opencv-matrix
   rows: 3
   cols: 3
   dt: d
   data: [ 8.0517711346133436e-01, -5.1684712249291997e-01,
       2.9079007536169788e-01, 5.3267986808826573e-01,
       8.4583908459564427e-01, 2.8432395324173791e-02,
       -2.6065681286231734e-01, 1.3200490498913625e-01,
       9.5636432961882689e-01 ]
P1: !!opencv-matrix
   rows: 3
   cols: 4
   dt: d
   data: [ 3.3111606234511993e+02, 0., 1.6237438011169434e+02, 0., 0.,
       3.3111606234511993e+02, 2.1162441873550415e+02, 0., 0., 0., 1.,
       0. ]
P2: !!opencv-matrix
   rows: 3
   cols: 4
   dt: d
   data: [ 3.3111606234511993e+02, 0., 1.6237438011169434e+02,
       8.8082647385792939e+01, 0., 3.3111606234511993e+02,
       2.1162441873550415e+02, 0., 0., 0., 1., 0. ]
Q: !!opencv-matrix
   rows: 4
   cols: 4
   dt: d
   data: [ 1., 0., 0., -1.6237438011169434e+02, 0., 1., 0.,
       -2.1162441873550415e+02, 0., 0., 0., 3.3111606234511993e+02, 0.,
       0., -3.7591520256522903e+00, 0. ]
