%YAML:1.0
K: !!opencv-matrix
   rows: 3
   cols: 3
   dt: d
   data: [ 8.3879548525394500e+02, 0., 3.3398111921395758e+02, 0.,
       8.3946000650724545e+02, 2.2536577930766074e+02, 0., 0., 1. ]
D: !!opencv-matrix
   rows: 1
   cols: 5
   dt: d
   data: [ -4.9300441491541419e-02, 4.9252807414926075e-01,
       -6.7875516675835164e-03, 2.9535925955681704e-03,
       -1.1095291642891330e+00 ]
board_width: 9
board_height: 6
square_size: 6.2500000000000000e-02
